
[38;2;30;30;30m                             ██
[38;2;30;30;30m                           ██[38;2;240;175;2m██[38;2;30;30;30m██
[38;2;30;30;30m                           ██[38;2;240;175;2m██[38;2;30;30;30m██
[38;2;30;30;30m                         ██[38;2;240;175;2m██████[38;2;30;30;30m██  
[38;2;30;30;30m                     ████[38;2;240;175;2m██████████[38;2;30;30;30m████
[38;2;30;30;30m                   ██[38;2;240;175;2m██████████████████[38;2;30;30;30m██ 
[38;2;30;30;30m                 ██[38;2;240;175;2m██████████████████████[38;2;30;30;30m██
[38;2;30;30;30m               ██[38;2;240;175;2m████████[38;2;255;255;255m██[38;2;240;175;2m██████[38;2;255;255;255m██[38;2;240;175;2m████████[38;2;30;30;30m██
[38;2;30;30;30m               ██[38;2;240;175;2m██████[38;2;255;255;255m██[38;2;30;30;30m██[38;2;255;255;255m██[38;2;240;175;2m██[38;2;255;255;255m██[38;2;30;30;30m██[38;2;255;255;255m██[38;2;240;175;2m██████[38;2;30;30;30m██  
[38;2;30;30;30m               ██[38;2;240;175;2m████████[38;2;255;255;255m██[38;2;240;175;2m██████[38;2;255;255;255m██[38;2;240;175;2m████████[38;2;30;30;30m██
[38;2;30;30;30m               ██[38;2;240;175;2m██████[38;2;255;0;0m██[38;2;240;175;2m██████████[38;2;255;0;0m██[38;2;240;175;2m██████[38;2;30;30;30m██
[38;2;30;30;30m                 ██[38;2;240;175;2m██████[38;2;255;0;0m██████████[38;2;240;175;2m██████[38;2;30;30;30m██
[38;2;30;30;30m                   ████[38;2;240;175;2m██████████████[38;2;30;30;30m████
[38;2;30;30;30m                       ██████████████
